23
8 100
70 60 55 43 57 60 44 50
58 40 47 90 45 52 80 40
6 5
1 5 1 1 1 1
1 1 1 1 5 1
12 5
1 1 1 1 1 5 1 1 1 1 1 5
1 1 5 1 1 5 1 1 5 1 1 5
3 5
1 4 1
1 4 1
4 5
2 4 1 1
3 1 4 3
6 9443
7422 2745 8376 2874 1159 7119
9400 5836 7028 6597 5881 7640
1 100
49
49
1 100
51
51
2 100
49 49
49 49
2 100
51 51
51 51
2 100
49 51
51 49
2 100
51 51
49 49
2 100
49 51
51 51
2 100
51 51
49 51
2 100
51 51
51 49
3 100
49 49 49
49 49 49
3 100
49 51 51
51 51 51
3 100
51 51 51
49 51 51
3 100
49 51 51
49 51 51
3 100
49 51 49
49 51 49
3 100
51 51 49
51 49 51
3 100
49 51 49
51 51 51
3 100
51 49 51
51 51 51
